5
12
14
26
28
31
36
38
42
44
45
54
65
66
67
73
74
75
82
85
89
90
94
99
102
108
109
112
113
114
119
121
128
134
136
142
147
169
175
176
181
187
191
192
193
206
221
222
232
233
239
248
257
261
264
279
284
289
297
298
299
309
314
316
326
332
334
344
346
357
362
363
365
368
373
375
387
389
390
391
393
394
402
404
423
427
456
457
462
465
466
469
474
482
485
491
492
507
510
524
525
529
530
539
548
551
555
564
567
575
576
580
581
592
604
606
608
615
635
638
647
650
653
655
663
664
666
676
677
678
680
690
699
712
713
714
726
728
730
733
734
749
752
756
761
768
782
784
786
788
789
798
805
823
826
830
831
841
843
848
851
859
863
864
867
868
875
876
882
885
889
891
893
895
896
905
912
913
914
919
928
930
935
943
944
945
948
950
952
955
959
965
966
970
973
977
978
995
996
1002
1009
1012
1017
1024
1029
1036
1043
1051
1052
1055
1056
1058
1059
1066
1069
1070
1071
1073
1076
1078
1079
1091
1092
1101
1106
1107
1108
1109
1126
1127
1130
1136
1145
1149
1153
1155
1156
1161
1171
1174
1179
1184
1185
1186
1190
1191
1197
1212
1215
1218
1220
1221
1226
1231
1232
1235
1237
1239
1246
1248
1255
1256
1257
1259
1261
1264
1265
1268
1295
1296
1301
1308
1309
1311
1316
1318
1330
1341
1346
1348
1349
1352
1357
1362
1368
1370
1378
1380
1383
1386
1397
1400
1406
1408
1412
1413
1414
1415
1426
1444
1452
1456
1458
1459
1470
1478
1480
1482
1484
1485
1486
1487
1494
1499
1500
1502
1503
1508
1509
1511
1529
1538
1539
1543
1548
1551
1552
1560
1562
1567
1578
1579
1582
1583
1584
1588
1590
1600
1612
1613
1631
1635
1639
1643
1645
1647
1648
1649
1652
1672
1693
1696
1698
1714
1715
1716
1721
1730
1736
1739
1747
1749
1751
1753
1754
1756
1762
1763
1768
1777
1778
1780
1789
1792
1793
1795
1796
1804
1805
1807
1812
1817
1818
1819
1821
1822
1823
1824
1827
1833
1840
1852
1863
1870
1877
1878
1879
1882
1883
1887
1894
1896
1918
1922
1928
1935
1946
1947
1953
1964
1972
1983
1984
1987
2003
2013
2018
2021
2024
2029
2036
2039
2040
2044
2049
2051
2055
2060
2067
2068
2070
2084
2098
2107
2112
2117
2120
2122
2125
2130
2132
2133
2139
2147
2152
2166
2187
2189
2197
2203
2205
2207
2228
2229
2230
2241
2245
2256
2269
2277
2280
2282
2283
2284
2292
2295
2300
2301
2303
2309
2311
2314
2321
2322
2324
2329
2331
2335
2336
2338
2341
2359
2360
2361
2373
2374
2378
2383
2385
2387
2396
2398
2400
2407
2408
2420
2424
2426
2432
2437
2439
2444
2445
2450
2453
2459
2463
2465
2491
2492
2493
2494
2506
2520
2523
2527
2529
2536
2537
2540
2542
2546
2550
2553
2554
2559
2569
2578
2591
2593
2596
2601
2607
2616
2627
2631
2635
2666
2667
2668
2671
2684
2688
2695
2696
2699
2700
2719
2733
2735
2736
2738
2741
2743
2751
2755
2761
2762
2767
2773
2774
2777
2793
2799
2803
2804
2812
2814
2821
2824
2831
2842
2847
2850
2857
2860
2865
2866
2870
2871
2879
2885
2895
2897
2899
2903
2908
2916
2939
2943
2944
2949
2954
2958
2969
2973
2978
3001
3016
3020
3028
3030
3031
3033
3042
3052
3058
3059
3063
3068
3069
3070
3073
3075
3076
3081
3082
3089
3090
3096
3101
3102
3103
3115
3122
3138
3142
3143
3145
3150
3151
3167
3176
3178
3179
3180
3192
3198
3199
3216
3223
3237
3245
3247
3251
3253
3263
3266
3267
3279
3282
3290
3293
3294
3296
3297
3299
3303
3309
3311
3313
3315
3317
3319
3322
3323
3324
3328
3338
3342
3346
3349
3350
3352
3354
3355
3359
3360
3369
3371
3374
3376
3379
3382
3384
3386
3388
3392
3396
3399
3407
3414
3423
3424
3432
3433
3437
3443
3452
3453
3454
3459
3462
3464
3465
3478
3487
3500
3506
3514
3525
3530
3537
3539
3540
3542
3543
3544
3563
3571
3582
3584
3585
3587
3589
3591
3595
3596
3600
3603
3620
3623
3626
3633
3640
3644
3647
3650
3657
3658
3659
3667
3687
3689
3696
3699
3702
3710
3725
3728
3737
3739
3740
3746
3748
3752
3758
3771
3772
3774
3780
3782
3789
3794
3798
3815
3819
3820
3822
3823
3825
3838
3839
3845
3849
3857
3865
3875
3877
3878
3882
3884
3895
3920
3929
3935
3944
3949
3950
3952
3957
3958
3960
3963
3969
3972
3979
3985
3989
3999
4003
4011
4013
4016
4022
4028
4035
4036
4037
4052
4053
4054
4055
4061
4063
4064
4073
4081
4090
4092
4098
4100
4102
4103
4110
4115
4120
4130
4136
4143
4150
4151
4153
4154
4156
4157
4161
4162
4178
4179
4187
4189
4198
4219
4228
4239
4240
4241
4245
4250
4258
4259
4266
4268
4269
4272
4273
4283
4284
4303
4305
4307
4314
4319
4323
4331
4340
4343
4347
4354
4362
4366
4370
4372
4373
4376
4393
4396
4397
4404
4409
4415
4416
4419
4425
4443
4445
4447
4449
4461
4467
4471
4481
4483
4485
4488
4489
4493
4494
4495
4497
4499
4504
4509
4524
4526
4528
4533
4549
4555
4561
4570
4572
4573
4581
4598
4601
4606
4612
4623
4624
4625
4631
4635
4644
4647
4650
4659
4660
4664
4671
4673
4675
4676
4682
4689
4695
4698
4699
4700
4703
4704
4705
4706
4720
4728
4738
4739
4745
4748
4754
4757
4760
4763
4769
4775
4776
4778
4802
4806
4811
4817
4819
4820
4825
4827
4841
4850
4855
4864
4873
4876
4882
4892
4895
4896
4901
4904
4907
4910
4912
4913
4917
4921
4924
4926
4929
4936
4937
4947
4963
4964
4967
4969
4974
4976
4977
4978
4988
4989
