Avatar	425000000	760507648	2783919005
Pirates_of_the_Caribbean:_At_World's_End	300000000	309420425	960996492
The_Dark_Knight_Rises	275000000	448139104	1079343948
The_Lone_Ranger	275000000	89289912	259989912
John_Carter	275000000	73058680	282778101
Tangled	260000000	200821936	586581936
Spider-Man_3	258000000	336530304	890875304
The_Hobbit:_An_Unexpected_Journey	250000000	303003584	1014703584
Harry_Potter_and_the_Half-Blood_Prince	250000000	301959200	935083689
The_Hobbit:_The_Desolation_of_Smaug	250000000	258366855	950466855
The_Hobbit:_The_Battle_of_the_Five_Armies	250000000	255119792	952119792
Pirates_of_the_Caribbean:_On_Stranger_Tides	250000000	241063875	1043663875
Superman_Returns	232000000	200120000	374085065
Quantum_of_Solace	230000000	169368432	591692083
The_Avengers	225000000	623279552	1514279552
Pirates_of_the_Caribbean:_Dead_Man's_Chest	225000000	423315812	1060615812
Man_of_Steel	225000000	291045518	667999518
The_Chronicles_of_Narnia:_Prince_Caspian	225000000	141621490	417341288
The_Amazing_Spider-Man	220000000	262030663	757890267
Men_in_Black_3	215000000	179020854	654213485
Transformers:_Revenge_of_the_Fallen	210000000	402111872	836519701
Transformers:_Age_of_Extinction	210000000	245439076	1081139076
X-Men:_The_Last_Stand	210000000	234362464	459359557
Robin_Hood	210000000	105487148	322459006
Battleship	209000000	65235400	305220228
King_Kong	207000000	218080032	550517364
The_Golden_Compass	205000000	70107728	367262558
Titanic	200000000	658672320	2207615686
Toy_Story_3	200000000	415004880	1069818229
Iron_Man_3	200000000	408992272	1172805920
Spider-Man_2	200000000	373524485	783705001
Alice_in_Wonderland	200000000	334191110	1020020941
Skyfall	200000000	304360288	1110526992
Monsters_University	200000000	268488329	743588329
Oz_the_Great_and_Powerful	200000000	234770996	489570996
X-Men:_Days_of_Future_Past	200000000	233921536	744321536
The_Amazing_Spider-Man_2	200000000	202853936	708996339
Cars_2	200000000	191450880	560155388
Tron:_Legacy	200000000	172062768	397562768
2012	200000000	166112167	788408539
Terminator_Salvation:_The_Future_Begins	200000000	125322472	365491795
Green_Lantern	200000000	116601172	231201172
Prince_of_Persia:_Sands_of_Time	200000000	90759680	314594601
Transformers:_Dark_of_the_Moon	195000000	352390543	1123794076
Jack_the_Giant_Slayer	195000000	65187604	197387604
Star_Trek_Into_Darkness	190000000	228778661	466978661
Furious_7	190000000	210730464	547024025
World_War_Z	190000000	202359712	531514651
The_Great_Gatsby	190000000	144840419	351040419
Disney's_A_Christmas_Carol	190000000	137855863	315709697
Pacific_Rim	190000000	101802906	411002906
Iron_Man	186000000	318604128	582443128
The_Dark_Knight	185000000	533345358	1002891358
Indiana_Jones_and_the_Kingdom_of_the_Crystal_Skull	185000000	317023851	786558145
Brave	185000000	237282182	554606532
The_Chronicles_of_Narnia:_The_Lion,_the_Witch_and_the_Wardrobe	180000000	291710957	720539572
Maleficent	180000000	241407328	751407328
WALL-E	180000000	223808164	532590994
Rush_Hour_3	180000000	140125968	256585882
Hugo	180000000	73864507	180047784
Jupiter_Ascending	179000000	47000004	181500004
Edge_of_Tomorrow	178000000	100206256	364406256
Up	175000000	293004164	731542621
Monsters_vs._Aliens	175000000	198351526	381687380
G.I._Joe:_The_Rise_of_Cobra	175000000	150201504	302469023
Wild_Wild_West	175000000	113805681	221229335
The_Mummy:_Tomb_of_the_Dragon_Emperor	175000000	102491776	405760225
Evan_Almighty	175000000	100289690	174131329
Waterworld	175000000	88246220	264246220
47_Ronin	175000000	38362476	151659063
Guardians_of_the_Galaxy	170000000	333172112	771172112
Iron_Man_2	170000000	312433331	623561331
Captain_America:_The_Winter_Soldier	170000000	259746960	713846960
Dawn_of_the_Planet_of_the_Apes	170000000	208545589	703545589
The_Polar_Express	170000000	194949664	319049664
Snow_White_and_the_Huntsman	170000000	155136755	401011884
Terminator_3:_Rise_of_the_Machines	170000000	150358304	433058304
Van_Helsing	170000000	120150546	300150546
Shrek_Forever_After	165000000	238736787	756244673
Big_Hero_6	165000000	222313472	651913472
How_to_Train_Your_Dragon	165000000	217581232	494870992
Wreck-It_Ralph	165000000	189412677	473412677
Interstellar	165000000	188017888	665417888
Cowboys_and_Aliens	163000000	100240552	175910316
Shrek_the_Third	160000000	322719944	807330936
Inception	160000000	292576195	832584416
Fast_and_Furious_6	160000000	238679856	789952817
Godzilla	160000000	200672193	508172193
X-Men:_First_Class	160000000	146408305	355408305
The_Curious_Case_of_Benjamin_Button	160000000	127509328	329809328
The_Sorcerer's_Apprentice	160000000	63150992	217986321
Poseidon	160000000	60674817	181674817
The_Chronicles_of_Narnia:_The_Voyage_of_the_Dawn_Treader	155000000	104386952	418186952
Alexander	155000000	34297192	167297192
Pearl_Harbor	151500000	198539856	449239856
Transformers	151000000	319246193	708272592
Frozen	150000000	400737000	1254512386
Harry_Potter_and_the_Order_of_the_Phoenix	150000000	292004738	942943935
Harry_Potter_and_the_Goblet_of_Fire	150000000	290013036	896911078
The_Matrix_Reloaded	150000000	281553696	738576936
I_am_Legend	150000000	256393010	585532684
Hancock	150000000	227946274	624234272
Charlie_and_the_Chocolate_Factory	150000000	206459076	475825484
